32 32
33280 2.72599e-12 2624.43 4.81167e-12 1337.92 5.87239e-12 921.576 1.08005e-12 724.077 1.19445e-11 615.777 5.6334e-12 554.185 8.12098e-12 522.031 1.41381e-11 512 6.20146e-12 522.031 2.19626e-12 554.185 1.26761e-11 615.777 3.71474e-11 724.077 4.2289e-11 921.576 2.80777e-11 1337.92 4.95659e-11 2624.43 5.77463e-11 
3.77913e-12 4.29187e-28 2.41585e-13 5.90936e-28 1.20216e-13 7.33802e-28 7.8883e-14 5.81206e-29 7.67131e-14 1.03959e-27 2.34486e-14 3.96131e-28 2.15418e-14 6.83443e-28 2.61221e-14 1.5413e-27 7.14087e-14 7.37267e-28 4.5851e-14 2.2859e-28 1.88829e-14 1.24445e-27 1.92142e-14 2.46509e-27 3.27544e-14 2.0352e-27 5.33203e-14 2.0352e-27 3.97205e-14 3.38527e-27 1.58882e-13 2.25785e-27 
2.49335e-12 2.69823e-28 6.02916e-14 2.4862e-28 2.77476e-14 3.75272e-28 1.58882e-14 3.78982e-29 1.00486e-14 6.79234e-28 3.97205e-15 5.32064e-28 5.0243e-15 5.67278e-28 1.28095e-14 1.03005e-27 2.72455e-14 2.87821e-28 1.12347e-14 1.53551e-28 7.53644e-15 5.36685e-28 3.19744e-14 1.62816e-27 5.51529e-14 3.25632e-27 3.70914e-14 1.67827e-27 1.88829e-14 3.07599e-27 1.58882e-14 2.7468e-27 
6.43612e-12 4.94832e-28 3.71186e-13 1.06173e-27 1.66334e-13 1.31194e-27 1.0875e-13 1.27786e-28 1.21001e-13 2.1084e-27 1.00564e-13 1.0176e-27 5.90488e-14 1.72045e-27 6.86373e-14 3.15544e-27 7.10543e-14 1.111e-27 7.97978e-14 2.83639e-28 6.20455e-14 2.20531e-27 7.42041e-14 7.31488e-27 1.18098e-13 1.01216e-26 1.33357e-13 6.16522e-27 1.93231e-13 9.52589e-27 4.01001e-13 1.1381e-26 
10703.4 1.613e-12 9.92931e-13 1.89078e-12 2.26391e-12 1.93337e-12 2.64091e-12 1.97919e-13 7.16157e-12 3.39648e-12 2.34635e-12 1.70724e-12 4.05638e-12 2.58647e-12 1.5207e-12 3.43782e-12 4.60827e-13 7.94318e-13 1.69919e-12 1.35332e-12 1.01687e-12 3.8256e-12 3.96519e-12 1.07344e-11 2.55873e-12 1.10528e-11 9.41128e-12 8.13895e-12 3.01766e-12 1.56502e-11 2.43246e-11 1.96414e-11 
4.79645e-12 5.82793e-28 3.99487e-13 6.38617e-28 2.15233e-13 7.64946e-28 1.47084e-13 2.35625e-28 1.06877e-13 1.5805e-27 9.82793e-14 8.81719e-28 9.95394e-14 1.31654e-27 9.00527e-14 2.14199e-27 7.98373e-14 1.02788e-27 7.82404e-14 9.46633e-29 7.79171e-14 1.74308e-27 1.13812e-13 4.80026e-27 1.23581e-13 5.31243e-27 1.54778e-13 3.28748e-27 1.88428e-13 6.86921e-27 4.62672e-13 7.94815e-27 
1.05796e-11 1.04082e-27 6.64357e-13 1.57808e-27 3.24685e-13 1.77155e-27 2.16045e-13 3.03514e-28 1.73647e-13 3.63586e-27 1.38738e-13 1.68225e-27 1.32645e-13 2.55497e-27 1.24396e-13 3.82238e-27 1.27168e-13 1.68981e-27 1.33546e-13 6.38617e-28 1.31018e-13 3.71998e-27 1.50207e-13 1.14849e-26 1.84262e-13 1.21169e-26 2.17065e-13 8.39969e-27 3.45783e-13 1.45627e-26 6.39646e-13 1.81529e-26 
7.95889e-12 1.74838e-27 4.32571e-14 8.89477e-28 1.00486e-14 1.55714e-27 1.46482e-14 7.98271e-29 6.40475e-15 2.9252e-27 7.94411e-15 1.47734e-27 9.05768e-15 1.64839e-27 7.32411e-15 2.79509e-27 6.66134e-15 6.60031e-28 3.55271e-15 8.63923e-28 6.04027e-15 3.43767e-27 4.44089e-15 8.39134e-27 3.55271e-15 9.65347e-27 1.46482e-14 6.38617e-27 3.82639e-14 1.28551e-26 3.17764e-14 1.55854e-26 
5792.62 1.28681e-12 1.738e-12 9.52233e-13 1.99086e-12 9.62202e-13 1.92686e-12 1.32645e-13 4.28151e-12 2.00487e-12 1.49782e-12 9.08662e-13 2.48639e-12 1.25064e-12 8.5066e-13 1.94486e-12 1.81535e-13 4.06883e-13 9.21479e-13 7.22172e-13 6.69347e-13 2.09628e-12 2.47829e-12 5.754e-12 1.62438e-12 6.0767e-12 4.60305e-12 4.23598e-12 1.62467e-12 8.15736e-12 1.42541e-11 1.01291e-11 
1.88819e-11 2.45682e-27 8.57795e-13 3.01499e-27 4.40494e-13 3.55253e-27 3.0512e-13 3.81314e-28 2.5619e-13 6.60687e-27 2.11528e-13 3.06312e-27 1.84976e-13 4.51824e-27 1.71094e-13 7.27032e-27 1.68417e-13 2.74923e-27 1.76218e-13 1.47907e-27 1.91731e-13 7.05737e-27 2.067e-13 1.97579e-26 2.39301e-13 2.35233e-26 3.08493e-13 1.58246e-26 4.40594e-13 2.77516e-26 9.08189e-13 3.34723e-26 
5.99961e-12 1.46413e-27 4.40594e-13 7.28135e-28 2.48715e-13 1.08899e-27 1.63926e-13 1.20662e-28 1.24358e-13 2.16094e-27 1.03579e-13 1.02104e-27 1.02202e-13 1.28643e-27 9.09115e-14 2.62144e-27 8.90175e-14 1.10842e-27 9.07856e-14 5.40862e-28 1.01936e-13 1.98896e-27 1.13353e-13 6.71308e-27 1.29321e-13 7.6634e-27 1.63772e-13 5.06484e-27 2.24272e-13 9.40525e-27 4.90635e-13 8.8949e-27 
7.13606e-12 2.01569e-27 4.57073e-13 1.06533e-27 2.27817e-13 1.44683e-27 1.61287e-13 1.75262e-28 1.29771e-13 2.63308e-27 9.41469e-14 1.15128e-27 9.29834e-14 1.49172e-27 9.04417e-14 2.72303e-27 8.73852e-14 1.21851e-27 9.21311e-14 2.03911e-28 8.9455e-14 2.58817e-27 1.09477e-13 7.14566e-27 1.27614e-13 7.47209e-27 1.50278e-13 6.36878e-27 2.27381e-13 1.0688e-26 4.06999e-13 1.13685e-26 
4433.48 9.34966e-13 1.10972e-12 4.16302e-13 1.24332e-12 8.5816e-13 1.42042e-12 5.19489e-14 3.12771e-12 1.4933e-12 1.03701e-12 7.36979e-13 1.80702e-12 9.52953e-13 5.41658e-13 1.44674e-12 2.17159e-13 2.98872e-13 6.44769e-13 4.42375e-13 5.29066e-13 1.65302e-12 1.69451e-12 4.37244e-12 1.04546e-12 4.65802e-12 3.68673e-12 3.23693e-12 9.06409e-13 6.5208e-12 1.04422e-11 8.26294e-12 
4.78026e-12 5.67278e-28 5.79866e-13 8.642e-28 3.11608e-13 7.85395e-28 2.12904e-13 2.40973e-28 1.47609e-13 1.5553e-27 1.25607e-13 8.32655e-28 1.21586e-13 1.23771e-27 1.1431e-13 2.27808e-27 1.14475e-13 1.07633e-27 1.18488e-13 2.37561e-28 1.177e-13 1.71656e-27 1.44923e-13 5.1724e-27 1.54706e-13 7.04508e-27 2.08008e-13 4.05911e-27 3.02815e-13 6.38617e-27 5.71623e-13 7.9173e-27 
6.62902e-12 2.52435e-28 2.9573e-13 1.0698e-27 1.71857e-13 1.20431e-27 1.18098e-13 2.03153e-28 1.06418e-13 2.24668e-27 8.26531e-14 1.12468e-27 7.55317e-14 1.64374e-27 6.28539e-14 2.65045e-27 6.41275e-14 9.80282e-28 7.31346e-14 2.87821e-28 6.09228e-14 2.85777e-27 8.54915e-14 8.01776e-27 1.06418e-13 8.86735e-27 1.16822e-13 4.66234e-27 1.93582e-13 8.87884e-27 3.57043e-13 1.13379e-26 
2.47509e-11 2.77645e-27 8.45904e-13 3.393e-27 4.29937e-13 4.45835e-27 3.10146e-13 2.43604e-28 2.28902e-13 8.44931e-27 1.93289e-13 4.13532e-27 1.79623e-13 5.62676e-27 1.66049e-13 9.0676e-27 1.66841e-13 2.99817e-27 1.74971e-13 1.68395e-27 1.76339e-13 9.46051e-27 2.07705e-13 2.5788e-26 2.25681e-13 2.8789e-26 2.97581e-13 1.9951e-26 4.39977e-13 3.70117e-26 8.79811e-13 4.43349e-26 
6.20448e-12 1.21274e-27 1.34488e-13 9.85792e-28 7.00705e-14 1.31775e-27 5.08671e-14 3.1792e-28 3.1427e-14 1.80628e-27 2.41611e-14 9.18879e-28 2.58641e-14 1.42977e-27 2.63027e-14 2.22201e-27 2.54925e-14 7.04816e-28 2.63027e-14 5.78127e-28 2.70567e-14 2.19619e-27 3.02503e-14 6.29046e-27 3.1427e-14 6.66296e-27 4.14314e-14 4.98776e-27 7.00705e-14 8.58696e-27 1.27552e-13 1.1879e-26 
1.60713e-11 3.35274e-27 1.7171e-13 2.7086e-27 9.04373e-14 2.81519e-27 6.40475e-14 3.09107e-28 3.84285e-14 5.25769e-27 3.3704e-14 2.51224e-27 3.43789e-14 3.68634e-27 3.44906e-14 5.39202e-27 3.25733e-14 1.56311e-27 3.05616e-14 1.84554e-27 3.51701e-14 5.53433e-27 3.74723e-14 1.64225e-26 5.27252e-14 1.65562e-26 6.99803e-14 1.26045e-26 9.1702e-14 2.19047e-26 1.92249e-13 2.96197e-26 
3.41061e-12 1.78967e-27 4.41224e-13 1.69339e-28 1.95496e-13 5.36685e-28 1.64234e-13 1.01023e-29 1.18098e-13 1.22008e-27 1.06641e-13 6.09123e-28 9.05768e-14 7.45433e-28 8.50903e-14 1.5553e-27 7.81597e-14 8.36472e-28 8.1886e-14 6.16274e-28 9.56597e-14 1.44573e-27 9.5989e-14 3.14158e-27 1.13298e-13 4.3501e-27 1.4501e-13 2.42391e-27 2.30926e-13 5.93948e-27 4.53246e-13 6.47496e-27 
4.07532e-12 2.94388e-27 2.87748e-13 6.02153e-28 1.25154e-13 5.57648e-28 1.00611e-13 3.5857e-28 6.9369e-14 1.92911e-27 7.00705e-14 5.27101e-28 5.81876e-14 6.42596e-28 6.75249e-14 1.69433e-27 5.40258e-14 5.36685e-28 6.19691e-14 7.77649e-28 6.28037e-14 1.61638e-27 6.15604e-14 3.28748e-27 7.68569e-14 4.7318e-27 1.1519e-13 3.21258e-27 1.37275e-13 5.34687e-27 2.63668e-13 6.8335e-27 
4433.48 6.68127e-13 3.11425e-13 7.83185e-13 8.2965e-13 8.00829e-13 9.92875e-13 8.19807e-14 2.89101e-12 1.40687e-12 9.23767e-13 7.07162e-13 1.67579e-12 1.07135e-12 5.86709e-13 1.42399e-12 2.5619e-13 3.29017e-13 6.69196e-13 5.60563e-13 4.75722e-13 1.58462e-12 1.57868e-12 4.44632e-12 9.70743e-13 4.57823e-12 3.88641e-12 3.37126e-12 1.13053e-12 6.48252e-12 9.79696e-12 8.13573e-12 
2.16483e-11 2.85252e-27 9.63205e-13 2.08164e-27 5.04035e-13 3.73112e-27 3.43071e-13 5.00722e-28 2.69093e-13 7.25048e-27 2.21057e-13 3.51602e-27 2.11566e-13 5.11143e-27 2.00783e-13 7.85995e-27 1.95794e-13 2.15167e-27 1.99475e-13 2.5715e-27 2.02793e-13 8.05534e-27 2.36516e-13 2.15319e-26 2.69093e-13 2.45689e-26 3.41786e-13 1.63591e-26 5.05448e-13 3.21625e-26 1.0104e-12 3.83447e-26 
1.23055e-11 2.4455e-27 1.01247e-12 1.92398e-27 4.94836e-13 2.15267e-27 3.32407e-13 6.44213e-28 2.68018e-13 4.60907e-27 2.23934e-13 1.76993e-27 1.98603e-13 2.84928e-27 1.86077e-13 5.24774e-27 1.86729e-13 2.39814e-27 1.89705e-13 8.66133e-28 2.03476e-13 4.4086e-27 2.23385e-13 1.40702e-26 2.61288e-13 1.56011e-26 3.33974e-13 1.08245e-26 5.02492e-13 1.63665e-26 9.06186e-13 2.10182e-26 
5.75198e-11 9.4627e-27 2.6417e-12 8.1077e-27 1.34757e-12 1.0305e-26 9.31199e-13 1.1815e-27 7.36434e-13 2.00652e-26 6.16096e-13 9.17439e-27 5.51933e-13 1.32259e-26 5.14742e-13 2.20716e-26 5.12048e-13 7.79701e-27 5.23118e-13 4.756e-27 5.61824e-13 2.0888e-26 6.10894e-13 6.01674e-26 7.26154e-13 6.59988e-26 9.11636e-13 4.42484e-26 1.33101e-12 8.43361e-26 2.62171e-12 1.00634e-25 
5792.62 1.28681e-12 2.74457e-13 9.52233e-13 1.34597e-12 9.62202e-13 1.44869e-12 1.32645e-13 3.90278e-12 2.00487e-12 1.1878e-12 9.08662e-13 2.18832e-12 1.25064e-12 9.22934e-13 1.94486e-12 1.77687e-13 4.06883e-13 1.05484e-12 7.22172e-13 4.75992e-13 2.09628e-12 2.24073e-12 5.754e-12 1.45106e-12 6.0767e-12 5.06234e-12 4.23598e-12 1.78099e-12 8.15736e-12 1.30914e-11 1.01291e-11 
5.30864e-11 4.72304e-27 2.7521e-12 6.85584e-27 1.41228e-12 9.55224e-27 9.7238e-13 1.11477e-27 7.7681e-13 1.8671e-26 6.4971e-13 8.76747e-27 5.84378e-13 1.28366e-26 5.6119e-13 2.07735e-26 5.4197e-13 7.16156e-27 5.56144e-13 4.68368e-27 5.85848e-13 2.02443e-26 6.52351e-13 5.60402e-26 7.69029e-13 6.30436e-26 9.8303e-13 4.18046e-26 1.42689e-12 7.8975e-26 2.78676e-12 9.35579e-26 
3.29882e-11 4.31807e-27 2.23332e-12 3.98056e-27 1.1964e-12 6.04033e-27 8.10151e-13 6.27648e-28 6.22131e-13 1.22463e-26 5.47816e-13 5.85395e-27 4.88709e-13 7.99934e-27 4.65187e-13 1.37563e-26 4.48068e-13 5.41608e-27 4.58644e-13 2.31499e-27 4.8945e-13 1.26839e-26 5.43054e-13 3.67574e-26 6.34933e-13 4.07456e-26 7.92e-13 2.78542e-26 1.17809e-12 5.10526e-26 2.31071e-12 5.78451e-26 
6.29949e-11 8.27311e-27 1.91009e-12 7.96053e-27 9.8006e-13 1.17157e-26 6.6808e-13 4.1739e-28 5.28594e-13 2.1362e-26 4.66273e-13 1.0666e-26 4.17353e-13 1.41721e-26 3.84502e-13 2.31172e-26 3.74318e-13 7.25768e-27 3.90807e-13 4.73106e-27 4.04978e-13 2.42404e-26 4.53122e-13 6.5378e-26 5.23736e-13 7.14809e-26 6.79593e-13 4.88097e-26 9.85507e-13 9.27328e-26 1.91968e-12 1.15054e-25 
10703.4 2.25721e-12 4.74364e-13 1.00504e-12 2.05466e-12 2.07178e-12 2.85154e-12 1.25416e-13 7.0326e-12 3.60515e-12 1.98603e-12 1.77923e-12 3.79474e-12 2.30063e-12 1.74751e-12 3.49274e-12 5.08749e-13 7.21542e-13 2.04614e-12 1.06799e-12 8.13951e-13 3.99073e-12 3.92947e-12 1.0556e-11 2.57663e-12 1.12455e-11 9.86008e-12 7.81464e-12 3.21135e-12 1.57426e-11 2.37183e-11 1.99485e-11 
2.8253e-11 3.55791e-27 3.72544e-12 3.36232e-27 1.99225e-12 4.77497e-27 1.3434e-12 1.89052e-27 1.06937e-12 1.15345e-26 8.88706e-13 5.14126e-27 8.09202e-13 8.22882e-27 7.55338e-13 1.44235e-26 7.4626e-13 6.66144e-27 7.77007e-13 5.4817e-27 8.2041e-13 1.19262e-26 8.84206e-13 3.38203e-26 1.06942e-12 3.97238e-26 1.31841e-12 2.47739e-26 1.96219e-12 4.36227e-26 3.77231e-12 5.28646e-26 
7.47466e-11 1.20668e-27 5.70052e-12 1.11223e-26 2.91156e-12 1.2838e-26 1.99422e-12 2.30942e-27 1.58587e-12 2.63902e-26 1.30458e-12 1.31733e-26 1.18727e-12 1.8802e-26 1.15498e-12 3.11467e-26 1.10416e-12 1.29795e-26 1.13113e-12 5.53475e-27 1.18632e-12 2.86582e-26 1.33884e-12 8.27988e-26 1.5599e-12 9.50214e-26 1.99402e-12 6.19221e-26 2.82214e-12 1.1083e-25 5.76392e-12 1.31395e-25 
5.58e-11 5.44869e-27 4.71912e-12 8.111e-27 2.3928e-12 9.75088e-27 1.70603e-12 2.14411e-27 1.36969e-12 2.0811e-26 1.17302e-12 9.07059e-27 1.01787e-12 1.37066e-26 9.47643e-13 2.45201e-26 9.50934e-13 1.13197e-26 9.58048e-13 4.5165e-27 1.02185e-12 2.18108e-26 1.1657e-12 6.35295e-26 1.32405e-12 7.3527e-26 1.69542e-12 4.92709e-26 2.44309e-12 8.6552e-26 4.89888e-12 9.53616e-26 
